1       1       116646.790000   2266    101.800000      1.840000        51.476959
1       2       112973.300000   2141    101.770000      1.980000        52.766604
1       3       113445.760000   2162    101.730000      1.870000        52.472599
1       4       87039.540000    1669    101.750000      1.850000        52.150713
1       5       87114.750000    1703    101.780000      2.040000        51.153699
1       6       100568.900000   1932    101.790000      1.850000        52.054296
1       7       107176.120000   2026    101.800000      1.810000        52.900355
1       8       113521.270000   2192    101.790000      1.900000        51.788901
1       9       108077.810000   2090    101.800000      1.810000        51.711871
1       10      103804.510000   2023    101.760000      1.820000        51.312165
1       11      88328.250000    1706    101.750000      1.820000        51.775059
1       12      111893.940000   2113    101.770000      1.820000        52.955012
2       1       119928.850000   2340    101.690000      1.880000        51.251645
2       2       113494.150000   2182    101.760000      1.840000        52.013818
2       3       111901.800000   2187    101.740000      1.850000        51.166804
2       4       90306.870000    1757    101.790000      1.880000        51.398332
2       5       87760.260000    1688    101.760000      1.930000        51.990675
2       6       99526.150000    1894    101.790000      1.830000        52.548126
2       7       98170.840000    1902    101.740000      1.830000        51.614532
2       8       112385.500000   2194    101.630000      1.880000        51.224020
2       9       103223.360000   2000    101.800000      1.810000        51.611680
2       10      106956.810000   2056    101.770000      1.900000        52.021795
2       11      86559.340000    1642    101.780000      1.890000        52.715798
2       12      106944.470000   2083    101.700000      1.830000        51.341560
3       1       115855.620000   2243    101.800000      1.880000        51.652082
3       2       107264.440000   2090    101.640000      1.850000        51.322699
3       3       113077.730000   2150    101.740000      1.910000        52.594293
3       4       91456.460000    1752    101.730000      1.840000        52.201176
3       5       91129.970000    1761    101.800000      1.840000        51.748989
3       6       101431.610000   1953    101.730000      1.850000        51.936308
3       7       104179.600000   2004    101.750000      1.810000        51.985828
3       8       112452.630000   2188    101.770000      1.820000        51.395169
3       9       105293.970000   2042    101.800000      1.840000        51.564138
3       10      109164.670000   2145    101.660000      1.830000        50.892620
3       11      90091.510000    1717    101.770000      1.820000        52.470303
3       12      109415.520000   2090    101.730000      1.830000        52.351923
4       1       112008.950000   2190    101.680000      1.810000        51.145639
4       2       112046.500000   2141    101.790000      1.810000        52.333723
4       3       114161.220000   2175    101.770000      1.820000        52.487917
4       4       87231.560000    1694    101.790000      1.910000        51.494427
4       5       86150.580000    1703    101.630000      1.890000        50.587540
4       6       98496.450000    1929    101.690000      1.820000        51.060886
4       7       103241.270000   2001    101.800000      1.850000        51.594838
4       8       112141.720000   2146    101.800000      1.880000        52.256160
4       9       109185.130000   2090    101.800000      1.870000        52.241689
4       10      102736.710000   2011    101.790000      1.850000        51.087374
4       11      86763.340000    1682    101.730000      1.820000        51.583436
4       12      109886.450000   2121    101.760000      1.830000        51.808793
The best store is 2. In the store, the best month is 1, which has an sale performance is 119928.850000 dollars.
